-0.4575496777672199 0.07993125616592239 -0.06636094385219142
-0.2967677409791737 -0.03559597088165041 0.1373858283086131
0.14714143005691002 -0.39727190637831017 0.030555668565448214
-0.4994019418949921 -0.18122792543111793 0.12035254818067642
-0.323976630246661 -0.2096595173838833 -0.05213360066278995
-0.029760805937530305 0.12986916706514767 -0.13495488956841784
-0.1085671948265073 -0.30148330643117854 -0.22407394579128703
-0.7876750509208568 0.12409888441747621 -0.041953516245124986
-0.5849880405775422 0.264466929828585 -0.3293664760821701
-0.3369290631332696 -0.037932635586345104 -0.03282335008102963
-0.5099993134348226 -0.2410296671859125 0.28693727361788635
-0.2564600900079822 0.0437987628152878 0.08390125033205506
-0.047356462011809305 -0.1672302334112738 0.06737322200054562
-0.10188768546330564 -0.251743568902629 0.0008622372035804413
0.4249382506442707 0.1806233033784251 0.05258316211288993
-0.44950527676641655 0.017885255098764135 -0.08337539211259543
0.03292143933184633 -0.2396622503166539 -0.09545641501329338
-0.7335065609532699 0.13823868329206287 -0.13846821529457878
0.4883454256856955 -0.159246510079169 -0.1773241676100902
0.19209832576014937 0.26643226246104396 -0.02304861639249956
0.534432298162606 0.29321476185692735 -0.17225772477524515
0.36574948496261883 -0.08190647223313663 -0.1448815003747451
0.5764813330601245 -0.5291648440989685 0.2635571680764339
-0.0771667309654969 0.09122709167013728 -0.19635514639264498
-0.06955754258163857 -0.3684128188997821 0.10500986119817673
0.5861431293119117 0.23775566553565583 0.15939150546256198
-0.1410405393338269 0.18899719701692974 0.03749900528501509
-0.642418716612779 0.21270194849847895 -0.2821920982273323
0.20137419258449793 -0.02716159412583485 -0.4892556036180598
0.09703911658140794 0.23331921564639027 0.208566484654941
-0.34245739320636864 -0.14131963207322756 0.3566698735859142
-0.027559919890163216 0.3955854981154876 0.35383462145717526
-0.6262599934743818 -0.014490311295557445 0.08429361230070537
-0.561685854356993 0.028256594901261013 -0.4818358803414343
0.06524816694282706 0.005516503479449011 -0.026185274664299277
-0.46438515262728 -0.08453290732011592 -0.06458268175398393
-1.23160171319766 -0.347528237207299 0.1265751812483071
0.4136819920677397 -0.01074884593497847 0.2504888421117057
-0.12610159857850797 -0.09680499680284893 0.0752823951821423
-1.0171537464781242 -0.15135245150218032 -0.048203487895380495
0.5152253122582808 -0.12133478864384564 -0.12577522478539738
-0.5236302388034508 -0.19246469042977768 -0.5015576644812367
0.6496858371087813 -0.2640446230127127 0.2669242622995297
0.4145168580169725 0.12211527280330424 0.16235199886147259
-0.563557550778735 -0.1599201155888312 0.174856552755078
-0.7331340559682699 0.08467071910158872 -0.11502481899065067
0.16526575473829155 0.022475598433730235 -0.03179142763789062
0.11280069024835569 -0.1770955534281854 0.2099117347572793
1.0634562261368197 0.012481616008529922 -0.01113321459257704
0.11532688488086465 0.2639832804729982 0.040891298404508704
-0.7127154102778841 0.27813011715916686 -0.0383462088152306
0.4898231019289524 -0.14076724434450386 -0.10343366872595959
-0.028627562773361457 0.01843552942912497 -0.08384577795772644
-0.09612835167797859 0.06004170197567348 0.0516236899637805
-0.6202742987976395 0.23749408183294707 -0.1440078372651776
0.011749537293502595 -0.1300028353710965 0.07729543973629362
-0.2952353397622501 0.004464212577945304 0.024199460632566772
-0.07133220381969482 0.2105373194568427 -0.1063330492445739
1.0679738385177002 -0.3274531818909885 -0.11543324680978995
0.7920258556251375 -0.06865691734847731 -0.13972298632293095
0.1556956902014947 0.11286772153218022 0.4531983287860089
0.6416236064242592 0.15284510972099474 0.1546016371681684
0.06507993475615058 -0.026104086361888625 -0.006119577465586698
-0.9235741852899495 -0.005858184986757584 0.00047682427638287474
-0.28219330758279687 0.022944340825779865 0.11423096253020795
0.31349209102369857 0.01697575078698192 -0.21981361102371866
-0.17952962618426527 -0.007483896049150021 0.2774598627159819
0.19548374548084185 0.17521084227097672 0.0514803525286601
0.11911916961349837 0.022051093393031893 0.09358781735949297
-0.05076600581052976 0.006890544291201355 0.1790444925815122
-1.0707247392354322 0.023528534442240494 0.4633764992915097
-0.6904006718939852 -0.17464893108389498 0.2977428430741042
0.45128119957711577 -0.13772307531083422 -0.040708935788408854
-0.48590438631750615 -0.17436153202890525 -0.27873428948163026
0.9012073066298426 -0.17776389806155288 -0.025985198511578607
0.1167284606174666 0.1918644064752012 0.06377122210581364
0.21423445511028835 -0.32116955702585676 0.18959742550058448
-0.3284737274463765 0.04511171339551798 -0.033603754475801016
0.5128334059011173 0.03821823037036655 -0.10612452012581614
-1.2749675165953545 0.3134329139907263 -0.32228776698029676
-0.7346678935232914 -0.0023274903957842498 -0.20468720274377958
1.334792603689433 0.5829153685848881 -0.38147950591849433
-0.5624293625888123 0.21838172226099248 0.6530318888263628
0.09029450162524467 0.06928461055213374 -0.04469648002434783
-0.19260061892507085 0.39200021703625093 0.28699001770762306
0.22233418261247656 -0.15687217698694997 0.3263656045698359
0.046263759534632985 0.134474822966326 0.09551324829531953
0.6162769753495094 0.0727942726739165 0.33701078599118317
1.1589027711843234 -0.11989366249991357 -0.1241797440507641
0.21943142510367675 -0.11205620408180168 -0.2973494528663037
0.03769563381261687 -0.06229355258159558 0.24243023906348127
-0.09968246376325642 -0.10103144715204665 -0.03768113870477346
-0.005678995844364958 -0.1225256625669631 -0.14025981355656064
0.16026611539274646 -0.218693917710638 0.0985474820028906
0.7065388290303246 0.020865333907083766 -0.045361155426117586
0.3776438560352577 -0.08019976057853445 -0.20713774112992658
0.47682327545851116 0.09885883065785166 0.23212058251233164
0.5623742547576518 -0.07286253334750477 0.29076768826243105
1.124827439778366 -0.41354581154521547 0.20134365632772855
-0.3045998941424124 0.07128858932623304 -0.002494699455247886
0.13461346098904034 -0.30483491374778876 0.3531926979830974
-0.2254808266741353 -0.28627774984873516 -0.24074223907810374
0.4001445892240605 -0.017300803971500255 -0.06244171241001914
0.5984893846447537 -0.005065459050586505 -0.3359901657531837
0.6003552434800523 0.26268545734438153 0.02944158743323068
-0.5415698134639307 0.08266828625268716 -0.05140601143809749
0.7783625798282652 -0.07563656011377547 0.11143313944616147
0.6038965004736307 -0.08090871110862877 0.07569387216463336
-0.390470736294077 0.20668313197497673 0.08686797369301136
-0.009888287303660028 0.05609928199522869 0.31208294448531204
0.36909632916589297 -0.006949138206117804 0.25168900901624464
0.04937954808697837 0.16298990996842222 0.42132269118934007
-0.11385071206917462 -0.43736385875076744 -0.12692331574259194
0.433376084690498 -0.003310205927943659 -0.022253217937619744
0.08835608823732606 -0.16309979939349517 0.19979503792343148
-0.06759181420243707 -0.0015706133152266965 -0.33948784290673917
-0.325559582290538 0.011155322144856065 0.060674896144532114
0.7250501702568066 -0.28205152024362506 -0.04806121924434359
-0.24912183497523002 -0.35624200718608784 0.09204683218266939
0.0018408650726552081 0.11532159503593847 -0.33322923654542635
-0.8517625463005946 -0.21178280995156518 0.14220242201830763
-0.23812129892758768 0.025832860244691398 -0.12096389837958375
-0.11650155075651909 0.11603471981464414 -0.42688246683146747
0.5442958599738962 0.3554712452575586 -0.19550380029253397
0.39325193110004947 -0.05615510802180858 0.2846630888992393
-0.5208873430347758 0.045583049820485465 0.1215427128800706
0.2805016831232647 0.14689056263088268 0.042139718141682596
-0.03323745703936721 -0.02743849377190597 -0.1016001773567828
0.048315742699005876 0.4713746885346048 -0.027581415860983713
0.04767968759762217 0.12682248000972612 0.10672383376355608
-0.3843224264847033 0.0851940995275428 0.38622917884339514
0.7037193266215528 0.11503138882179101 0.12733487165864069
0.4624032462473722 -0.25994168302807114 0.1665067266447644
0.06310972424164721 0.09601379758636376 -0.21083962927605027
-0.2668244123188125 -0.14707128971961833 0.17740649094795533
-0.22226250138180442 0.07994114308600118 0.015109994487977441
0.1192225395922581 -0.03246052152548329 0.41432591912781175
-1.3455829235052625 0.17732259559665414 0.3433655807366745
-0.18194795784396967 0.06474786738040665 -0.07427453781029857
0.31867134502638816 0.013497255558326666 0.1217295661884949
-0.4053915823060301 -0.1421945481224553 0.3650250756425693
-0.314255871472251 -0.16568500403624692 -0.31343297468085857
-0.5452555047236629 -0.19354708065729823 0.013970973209128424
-0.5528394760022718 0.19970053649791042 -0.05588994920281748
-0.4008804489200554 -0.13315370449406827 -0.10734028524287675
0.34625524728125406 -0.2526860476010215 -0.07555277066775623
-0.0055924642326093165 0.19850871985096652 -0.05762524825664553
-0.05613408061748425 0.017854805814921434 -0.09388100837977792
0.052734453284830014 -0.0080586313492983 -0.02485250974161915
-0.14016793716074052 -0.05410841160519184 0.040322578528846104
-0.21433519419985508 0.04422800494864111 -0.11520046781607096
-0.14274147712260618 -0.10485234236695307 -0.28298239598226294
-0.690118692272301 -0.3098676608483734 -0.101373916328364
-0.2762891900691728 -0.34337932858560627 0.031908779237715394
-0.1421036439541675 -0.21424962679474724 -0.025495925292894312
0.23658172525278157 0.1521283434670746 0.3721342588324137
0.5307790798295722 0.3384353222553179 0.19776301132210278
-0.2966342314466201 -0.0923317680201618 -0.22391910224098993
-0.10630939123159201 0.13385804746710225 0.34400521942456463
0.7551325792861462 -0.17963031049164133 -0.2349970980655418
-0.006104938465438655 0.04465558990907754 -0.15557680439609567
0.2907611632186803 0.09081315909212755 0.370551681203128
0.019859504658758888 0.396028146222888 -0.3316597539002995
-0.3559312654829791 0.05357913979219167 -0.30964074859530333
0.38639784041824216 -0.05460981446228741 -0.12347024978545654
-0.07882472545692626 0.17209336444712803 -0.1324182535963635
-0.37093025112643013 0.012837583060806325 0.10684947884137774
-0.7447352388510626 -0.09493916882942444 -0.1330571379668338
0.1642380357180586 -0.15560684805134828 0.05853480347913092
-0.5076579716052888 0.02760570732086782 -0.1574661195386432
-0.7970426573835016 0.06108308062745386 -0.022629053071274517
0.48869574310604535 0.4891141088116312 0.516090872750641
0.051709697897552094 0.15042451670427737 0.04146738611135293
-0.07734197701739853 0.10501172460350015 -0.046621525920147906
0.2888689088633245 -0.033167584357540934 -0.26134546273758325
0.6011794006247254 -0.15322532068170394 -0.20855380142539415
0.0954473186672191 0.009935877459501587 -0.1930573133067616
1.0951450185533762 -0.17768319087073606 -0.09659493159942047
-0.8372697739363769 -0.01956779848304034 0.25363745489730255
-0.11520457853881982 -0.23658748819645245 0.1258210208415377
-0.33646808896628355 0.09159987369158479 -0.13727643587243632
0.08103468264721747 -0.38358701695194514 0.2208845325989454
0.0728320106677062 0.06623690646117848 -0.38296248327034504
-0.2229995148623319 -0.08984730127258334 0.10177810581877551
-0.11792620178124426 0.4166668687855373 0.3663606676894832
0.12786111342119788 -0.09557726679547053 -0.02977923455218058
0.8061903209137232 -0.1330863668171973 0.28851706665407306
0.3456835312055106 0.16098208924384694 -0.11035422488922991
-0.2388297706926473 -0.6363410245321436 -0.056330741786132114
-0.2739074219013641 -0.1339148130528862 0.2967442584215653
-0.2778452881110495 -0.210307444401384 -0.266592151967546
0.07989357184600679 -0.042225330107069005 0.10923807824994752
0.599548077648475 0.315850307132544 -0.5176001464843394
0.22165960494795156 -0.10003394616534636 0.30311830733700124
0.08399685378056705 0.4747801154147377 0.29414011432513815
0.9867086951415881 -0.2437942561203812 -0.11848961584124103
-0.7181788071857587 -0.13902348505539877 -0.15865206740163698
0.4330853882232556 0.2906720761470307 -0.24856639986163276
0.6201791312574741 0.507503964945719 0.2323496891767325
-0.6731241407132001 -0.03778030144791367 -0.10573937528091792
-0.9464064735552647 -0.17345764479048262 0.0229997249491643
-0.1908134989035651 0.12543251581765547 -0.07516970107626979
-0.9061505824041158 0.048693148940347035 -0.5205822833161854
-0.8177388523382594 0.2104363572638487 -0.09947102724401807
-0.38542102222716224 0.0902393553502214 0.3308693122197866
-0.35590416907158445 0.0035125013523394505 0.03502191701033096
0.03635019752520656 0.0007639158912941964 -0.2237957275273768
0.28693622071358255 -0.16403218066860573 0.05039979578770867
0.9954985593163801 0.12401702143263625 -0.17228718595820156
0.5920673991718506 -0.029027786110884468 0.07863665810063698
-0.35231037484191896 0.11135012497738923 -0.1367588610241493
-0.040292005081249235 0.08280635234026124 0.009669111349740701
-0.22359899334805666 -0.1396883250703377 0.1742092376227423
0.790995836084941 0.1309830532382988 -0.08286919755987482
-0.24987680432030868 0.10805071653314238 0.22628568334588
-0.5398108318920091 -0.00525086035462945 -0.1568652583929113
-0.4329487559281422 -0.25420350856271695 -0.12190205211847692
0.4236988419504447 -0.022509910406380895 -0.008060054138313923
-0.5920087949316228 0.33194990078232584 0.023742380691700468
-0.042610717403253714 -0.15667329476206862 0.044962289843741454
-0.13727895496506753 0.3788373309244162 -0.23102762499593205
-0.6864352348052456 0.42049834777436507 -0.17114002869684197
-0.44654007074393853 -0.09314730071858533 -0.30681049752168993
-0.6846735875801313 0.1903092387472037 0.30240192874278743
-0.6527500831518667 0.06378032606216463 -0.06425129986572693
-0.2381606608772594 0.07625065449314135 0.2880623023002113
0.44689931565307234 -0.07564837986225242 -0.2009669588885135
0.4717740523193796 -0.03444648986075354 0.22019521232943542
-0.12398466984070923 0.2985051795934498 -0.11597902050029629
-0.28313338773142155 0.42321151856840794 0.07464412244655223
-0.21405005446614428 0.20217697790855113 0.20723441511604232
0.49948066886933384 -0.008628182751148935 -0.13801209133943962
0.6981297418962056 0.05496333259131978 0.24955209244565593
0.5306281205357578 0.23476971199922947 0.019995981332679904
-0.5242501165650294 -0.24915678185150011 0.07482776079206621
0.18633643858474766 -0.09026400456899678 -0.3295818180642811
-0.2868043204423653 -0.2845178815242542 -0.08631941809838267
0.3660832576287456 -0.2593747201971232 0.043785969876632
-0.1137996452082288 -0.07095393944470994 0.15053743268285535
-0.02106965387783114 0.00022834155844462189 0.21150405256117522
0.11238505398834797 0.011708505574267739 0.3833416454962117
0.229102101673785 0.1043259528891719 -0.11918040937235903
0.9263905306934477 -0.013395101687733302 0.06898519112583923
-0.4751093748608687 0.13654469084543328 -0.043301163513405835
1.4867616913593098 0.0778694289249997 0.04366155907188522
-0.15529159788891586 0.19464439568778658 -0.2996758287998809
-0.5505308504511385 -0.3026061171568591 0.2760113097867482
0.4058404766105544 0.08565307875102945 -0.001390620538629361
-0.20826084919138046 -0.054276815149731074 -0.29576680519901744
-0.6361559280866088 -0.205651220685795 -0.032099736828352605
-0.2525998315563705 0.2455042170469262 -0.2546465892418539
-0.2018757677624368 -0.04151730656351746 -0.3561473553338381
-0.18027146820206108 -0.16554292489797107 -0.004187401629983643
0.6753961932526277 -0.04988640745388702 -0.23435801558407363
-0.9994519716032966 -0.18792429980035041 0.1981129532387184
-0.42143230841741836 -0.0032604399322044234 0.13312531139410713
-0.5669938748521415 -0.4264512622516087 0.27607334943054757
0.17497029321428376 -0.17019096576741072 0.13804304518538577
-0.36972758469922146 0.2611246536862339 -0.10850304692630237
-0.45847794354104715 0.08348890827338018 -0.012845500924346082
0.09959826322199129 -0.2703346920898903 -0.1759287738143853
0.7689414199063648 -0.24969567308118323 -0.041446965927712666
0.7761308099277004 -0.5386662921051658 -0.15787428301273795
-0.2085581703716309 0.27377086737793194 -0.1552887549692376
0.04079307790692235 0.11032454969530175 0.10809072581020474
0.08910921887921047 -0.07160002903975196 0.3271212207443057
-0.06503935858340859 0.18673855833024078 0.10996990916578325
-0.2442543945528602 -0.229279756834814 0.05287852719308964
0.6007974856509025 -0.10592187712209021 0.28502622896315283
0.9932018987528536 0.008397018492414698 -0.19498605734734176
-0.18806007795748758 -0.07737470785852966 -0.049730150109071024
0.04078758201042835 0.019275362650218966 0.12561532105420034
-1.121153401357921 -0.04591296231720872 0.22914993794439306
-0.5294706511959943 0.005326001794574595 -0.15917298800982882
0.29655419673723343 -0.06403092666754451 0.21232390338280333
0.16197246618947098 0.12493107736431304 -0.12680191064797205
-0.6689407277524896 -0.014812185936393375 0.10262284764010372
-0.589611415249324 0.02093943923162314 -0.19534380810315308
0.24026043819324924 0.20734772863500403 0.08610929153576616
-0.28101964796235235 -0.05365725906321714 0.07150902200662128
0.30758296269650975 0.0711452877114965 -0.034863773938933564
-0.028436537994727746 0.058389605345029405 -0.02871349911069648
-0.31799225199122955 -0.13777123943328945 0.009773604951221536
0.8787572275382179 -0.07029613457905028 0.03773053881746643
-0.12028322519590096 0.11122381832117918 0.22141136506227582
0.18360019151467624 0.12556434079356843 -0.2459349212336077
0.08829862956201041 0.054046484446876354 -0.03045576809326825
-0.0036501622469641217 0.0015689753298576072 -0.047294583037335074
-0.006472489676260805 -0.0385357188638219 0.06386621463330554
-0.6101705948992369 0.018362078725651775 -0.22619441428359047
-0.8728433994149878 0.04180762652415981 -0.008402269730072152
0.38341923099236125 0.16896192370067242 0.07938481753278961
-0.32033647312882774 -0.12019886585226398 0.11950414905073177
-0.3252778347312349 0.030939637069752418 -0.203372515361679
-0.30973507398654665 -0.21661571633722257 0.027367222543006987
-0.35111504828982376 -0.3922753504939576 -0.17678139335912635
-0.029808388586489667 -0.273712524550115 0.38908912610155955
0.1729872289537878 0.17492075066541637 -0.03913985597741413
0.19473998019931535 -0.29750256354842824 -0.02737815568087535
-0.33319318645619067 0.049069896796911955 -0.5115010561016583
-1.2113916356615615 0.4232269302306068 0.15136329326579923
0.0672537732652103 -0.13908003811830646 -0.004176786531171119
0.44662564224459517 0.08156796107001486 0.12496641657417756
0.041571588905233006 0.08925316834946029 -0.1864145712893185
0.3684543591673401 0.01193530393996225 -0.1471839509836117
0.4640407110289309 -0.01922172955784705 0.10395756349973889
-0.277953019931879 -0.1844608031368408 0.10607253725526683
-0.4651656332038681 0.08727846469601153 -0.08793235719740101
-0.48839311650212325 0.09865299575323348 0.3441428701773863
0.24997208559648185 0.18533103587427133 0.12851134121849214
-0.2281233012553537 -0.378082700611628 -0.02696771380311895
0.18332311141721902 -0.07754195268800194 -0.028334267043871614
0.0279372081256932 -0.27225826220065347 0.028550410556129766
-0.10507632401790107 0.09321602877487334 0.09129214241598954
1.4351308700727612 0.22923844926536946 -0.0023998224309413107
-0.09738237120702171 0.10066224015174866 0.16967794661000643
-0.6514217785049499 -0.3971096331102584 0.06214346283786734
0.0789354523984351 -0.2101492843974381 -0.06443843601290299
0.7345803525416622 0.038742815816713384 0.08966239491588127
0.6853271620034725 0.19902510350723368 0.05000054719743782
0.8730641209860796 -0.0008444588868967089 0.07715239570294526
0.4226215405868119 0.04379236237582519 0.10171754506325098
-0.3748089612612682 0.16910489165007325 0.22093406602963542
0.5191990741860993 -0.2895076794088997 -0.20217352611115813
-0.3859842541048079 -0.2222060796296379 0.18082103036148425
-0.5555453521929722 0.402448455864258 0.530701574087406
-0.07533027999953745 0.050456415924837954 0.00758738687911035
-0.030038908235922042 0.1637035170280456 -0.0005267944842295666
0.7878850653140274 -0.006961160378586744 -0.028966276657322366
0.11663414820778512 -0.6562083534025641 -0.12317971995935713
0.045994179902883174 0.13999617273174111 0.009623186929666662
-0.12443762999031893 0.14992063829610777 0.08617516241691639
0.15733857822292535 -0.013153512804947854 0.13904722262671385
0.8013371287650874 -0.06612869393558145 0.2153416439292153
0.48307993371916896 0.2957173891738102 -0.05372937006471221
-0.4029896407393243 -0.16463275504676841 -0.11981990290432315
1.039551678239274 0.008048659117802578 -0.24288648513669364
0.21677350443111254 0.411621190946994 0.22670406354768385
-0.4089807381373176 0.27782172970664615 -0.08340331305939845
-0.3154265284022098 0.12962112723353056 0.16311020172606838
-0.661789847910941 0.4240621899378651 -0.18488626081505125
0.09320356948656727 0.3007069734121913 -0.17531393011139332
-0.4345410516307976 0.0170103178173061 0.13975440997388455
-0.007438605393672093 -0.2611477866419579 0.03114100449501275
0.8029014448308609 0.23302880630646952 -0.12356304032395851
0.16531177996437563 -0.04918574110526051 0.16979232939242495
0.20014619706510878 -0.29181610606059905 0.13632462598898623
0.12007082201265792 -0.18243358287142988 0.07269631907524607
0.40047842393268657 -0.3684879580400855 0.008169066618567837
-0.07440020526534159 0.19648038880628105 -0.09431929440814829
-0.5237184332685143 0.20525829389217565 0.05555520998772071
0.9447951802620342 0.4324181536291272 0.03744403455144132
1.5226906365398034 0.21872029063150886 0.34648653693278036
-0.05219134507946938 -0.24554858116082015 0.018596696407655166
0.035970386050986375 0.3081774236027243 -0.14186550636319986
-0.34873931326536983 -0.07846633084993462 -0.3946169787314868
-0.259586890273182 0.41341385168667816 -0.025337541261285148
-0.5602945373173427 -0.09148519967106886 0.04351194879675853
-0.8869088799650278 -0.28620336925589446 -0.21654845563186287
-0.056686021612116715 -0.03373016762809437 0.22759864617214728
0.0766729788068926 -0.017093352822427462 0.4532789706645865
0.5048232071889502 -0.08929075879735908 -0.3855612853735349
0.02351886463960687 0.15013871516534208 0.1620257799727308
0.09001041094508037 0.12355588171116481 -0.0002695236080571933
-0.7761632255416265 -0.2129802587341982 0.021622298868550105
0.24681128541992928 0.04419415842144292 0.2736723282315322
0.23855551435938355 0.02613124439962361 0.252074955625538
-0.5264767040810151 -0.13286680752865435 -0.16408359236220724
0.24499201729280126 -0.09722945211369272 -0.1976176141515284
0.24580979385386162 -0.08456079488940375 0.037967418010270926
-0.3050422026168095 0.3527147070912382 0.03273475573259868
0.27646264453486513 -0.20054407165285235 -0.238708851486108
0.09725234764368927 0.06183593146896835 -0.48840954643795914
0.04032783493109085 0.02618108049553552 0.26046701345631246
-0.3909073396249627 0.1269907501965889 0.41927592654203727
-0.2640791510791102 0.03927794654505457 0.07933869010789259
0.27401961787948564 0.0486528468948843 -0.06142683042519133
0.5410362617705967 -0.3139039719828398 0.37743841694836816
-0.7800541595542214 -0.2131899246392279 -0.23497043369840598
0.760412881703123 -0.0473941643463003 -0.06082428918039954
-0.28415717569788584 0.08935716700724339 0.04316237074637679
0.22728006396254669 -0.156766720282724 -0.023186612732816195
0.4451322251347283 0.15976275238287638 -0.160045630333846
-0.4419850333783469 0.24223068333311476 -0.17393772628128945
0.14603805972528 0.08167636770585765 0.38681115425178497
-0.02210357846728718 0.2489639966843595 -0.3749540768647707
0.1733666590868228 -0.16628268325293075 -0.05895833034534457
-0.03740905266172705 -0.4163977472662461 0.25228381785638987
-0.5295228290790813 -0.08686721328645436 0.16820400860381848
-0.6611569258895856 -0.2510676305451484 -0.32916739511594706
0.3078877872629898 0.046611810237664045 -0.186630171670083
0.19944384379982708 -0.42497824188123023 0.18758797148033624
-0.4705219118052474 0.019439244488494403 -0.1425668619904745
0.2118208108428436 0.20455465927353528 0.19209935236206932
0.8745297391012826 -0.09302652771691827 0.3773519021222574
-0.012125401093020363 0.22303559635336093 -0.033151612414798144
-0.6854416179527623 0.04861513665137895 -0.04569095749872153
1.2805018788116103 0.08983235403423505 0.08448679023561742
-0.1256247689599274 0.11642944333559653 -0.05141447799788147
-0.16768384019973476 0.12510308292524616 0.12475126147989975
0.19093013135255332 -0.1152862520563661 0.20007509871721912
-0.280023030539537 -0.009745408859113652 0.06963646153646601
0.12891281790525508 -0.02132275325328855 -0.3152523280270014
-1.2909449246056726 -0.18241761658926628 -0.01206215545209472
0.1419141873578565 -0.005255709374467942 -0.10266177435548798
-0.667120411874973 0.21162282940764354 -0.34825532018941174
0.22742295618852007 0.1119943611168937 -0.10290813434889477
0.23343969082080684 0.1760253577944346 0.05742192009180515
0.01177379543361671 -0.29581222168470483 -0.2530169221361415
0.2632393285103737 -0.1099807584337108 -0.25250685504525644
0.39277219957505216 -0.3497968644325926 -0.12404755061560394
0.19272104107262483 0.20936481703535548 -0.2387452957927376
0.9030537330216855 0.0441454508899423 0.06442395851808566
0.1637854460034525 -0.07145730362343021 -0.018018613395918707
0.046784270723855194 0.0191996567569574 0.18083291837443774
0.19207738975489563 0.01284677630876486 0.34868272254660543
0.500547643393124 0.22031906626404307 -0.26635704093874596
0.49203074699517607 -0.14398683969056428 -0.10980348086727221
-0.3156095142470885 0.23313640848969888 0.26326440590578903
-0.08666971382537558 0.2480353643930654 0.19244821986168678
-0.38608185200635253 -0.057659796194472916 0.6040967201823406
-0.5658546606022004 0.14332302183946044 -0.28508465057261995
0.35444893890205903 0.037120585995291305 -0.06634495230412353
-0.13139626088816914 -0.21122379526437607 -0.23836871077109648
0.025859112733380027 -0.2879056892126394 -0.4071124946728766
0.06577827644461577 0.03017402678055371 -0.0773880260952885
-0.0723842985502717 -0.12225885629688955 0.092315397292371
-0.025393659554721275 -0.30263368093674736 0.24810260166756046
0.03570344019757001 0.2888660526914941 0.04651737119795954
-0.5183240641399265 -0.12539538297291547 -0.43950294244524113
-0.18200247057923458 -0.14762479600857467 0.028541724549056176
-0.2950618744509783 -0.058094747654257456 -0.1558867005017585
-0.40457448393540957 -0.16492266973104583 0.18150729266087176
0.5457492731876366 -0.07797944478913871 -0.2705215594932399
-0.4725643801456322 -0.21503580519730622 -0.12857187300426662
0.7408075060787669 -0.2713397604616211 0.026308583823915384
0.9191528144081917 -0.33766624511241267 -0.4789505544195689
0.22056148079259275 0.24241509628441205 -0.03966489887612472
0.03669065022633232 0.0344547448626016 0.03418337306033009
-0.4109476892867111 0.07152735228405385 -0.10841799101412322
0.6752577832853899 -0.08946684222145564 0.3737013524295454
0.9688089959464675 -0.33409796915971923 0.13600950396868333
0.08869116251052657 0.20213715931495946 -0.11399135467188565
0.07435153198459245 -0.18125095642068645 -0.1899416040768148
-0.5231298681183034 0.06138287302676213 -0.12097150235293815
0.21577966175037575 0.379258595580376 0.028589565574311412
0.3014347098068162 -0.14943401155985622 0.046014637523113765
-0.35468810000792544 0.5828267990274861 0.3108780241238322
0.4667817569660291 0.001979044056513999 0.03931100381114012
0.2449445037681464 -0.0659361087208835 0.2387084872303834
0.1416402968466567 0.160487528295064 0.10266191141106851
-0.3308488061049761 -0.4582284205719751 -0.30754013156086585
0.4169890985023902 -0.2504330695330545 -0.04250322081533192
-0.4706057718036117 0.13374440005572727 0.29275115485576786
0.8641841939939996 -0.4024542561500415 0.0913469972316075
0.12143671378829826 -0.024838669744803244 0.34034237391342764
-0.23610715594503534 -0.010986841314295979 -0.6547252218002666
0.29476396244751246 0.010252214648111976 0.003547670204665286
0.8398000930897371 -0.07775807172465946 0.09131287679348028
-0.21526635852161807 -0.24853504531048506 -0.11193286625875186
-0.2528626504838958 -0.09092228365748888 0.18029081672837846
0.31194398783551686 0.1893205876674264 -0.08685820601664714
0.06924647019919089 0.022880651470522536 0.06374349473369127
0.9804720831489325 -0.1655184847068589 0.09827472364637083
-0.44213547113397145 0.08519049528369832 0.06526616342653882
-0.2676191421659189 0.1585133264521913 0.01999256492272916
-0.521679071139924 0.043008772188666444 0.16204112903120457
-0.10906009514830199 -0.10887275576522418 -0.23629894501642568
-0.4322570733403967 0.062461477964365464 -0.148262007002212
0.16144026454997432 0.07387127565270579 0.09237169849851679
0.2028151402945485 -0.3324158581155983 -0.11000157659691556
0.1228046487035105 -0.09333746382063889 0.07355566891049943
-0.2285253971289441 -0.2333755038624959 -0.30712697357746466
-0.3497993232747952 -0.03444571960921301 0.0386518118781799
-0.1965009411933975 -0.009820151334635846 0.3668600679494667
0.8224464124484874 -0.06239126812190208 0.10360318651268359
-0.399290981795723 0.07418648476103983 0.1846028050736216
0.3016957657019061 -0.14048427934091975 0.03636568570446011
0.7863577667724387 -0.1788092180983998 -0.26126617513826805
-0.36811291171470667 -0.0550410810887106 -0.1602324188774791
-0.6196804563804765 0.17416378390177517 -0.026599119548494005
-0.19171201887076006 -0.10723835198125159 0.11312724303696838
-0.016094200536323183 -0.047521020441900395 0.077437552902024
-0.20038547117079464 0.43704700449363715 -0.08896123854073959
-0.28993060345807004 0.1918848458884891 0.047217817736659055
-0.2127336396629046 0.04989945918737167 -0.02155356063520362
-0.2424058137309876 -0.032759049521170994 0.01791299935321542
-0.07404553787531262 -0.15743301801186496 0.06470497203158096
0.4278629771599037 0.06163662626807547 0.22043816715574877
0.34657224250376345 -0.04874352169402785 0.3176322556299364
-0.01967226734858346 0.07141662685985217 0.08667040237722519
0.09303380904211091 -0.06425970501101268 -0.23374886371111786
0.012109801990060119 0.2151514017068622 0.05737657288814333
-0.6125966501654806 -0.30386532253096205 -0.12155091224420896
-0.45488938619962416 -0.12755004825396069 0.060604145235724764
0.1509044244686982 0.16338262650141988 0.14799024088894766
-1.2222622745055005 -0.3109363055952974 0.2031485216210297
-0.3393351483132016 -0.34283575881947337 0.0033897783410417708
0.4815375110227787 -0.22550269096522202 0.07324762285401955
-0.13586436733854187 0.1367666215543429 0.06701819522621867
0.06903330418164742 0.2491787604805738 -0.2966281071991554
0.7526386858473249 -0.30303234888011943 0.164037920839545
-0.08431685610998235 -0.08171620358940097 -0.10577581938515235
-0.09373863050003457 -0.18243522588099895 0.0410317970051064
0.5636860913405726 -0.07926927819623095 0.17062843579415443
0.6822779573451319 -0.059024150176973246 -0.1709963160877916
1.5374975784502662 0.02385094887326189 -0.09550131784702089
0.5381938158788035 0.044634277683559716 -0.15583831073919963
-0.3106500795515893 -0.06592215340001245 0.16454721627842694
-0.13752570754276802 -0.2926718189998181 0.008468664654443207
0.053611345803890584 -0.05562610519037625 -0.04874081657085745
0.16996926769452855 -0.47505668077919094 0.10507606374904728
0.4596600536618371 -0.25694727394529276 0.09828642606484166
0.07633326762844526 -0.1140564996966621 -0.027646904611125386
0.029094261835850527 0.15350213074365635 -0.07788218781993689
-0.3444114943372316 0.2494131691493689 -0.15232654241707572
-0.09825400363688357 -0.06690889185472203 0.0727740414043161
-0.11923114138105596 -0.3222449690187785 -0.199120894317097
0.8491655949878708 0.6986049090612458 -0.1928091096221129
-0.07912258966587485 -0.035369501068484126 0.5376675074587869
0.23701175609649294 0.09652592789948831 -0.4322415213546899
-0.4672686001863738 0.2826201316661056 -0.05597468138152489
-0.8660557154326309 0.004657952199470262 -0.07333228963354808
0.13799229764398815 -0.0879557452305656 -0.016956987483440204
0.13940510141829163 -0.0036675217601032407 0.11620521851080429
1.0644627040112045 -0.18740080019549582 0.2833543471660012
0.6383362232540326 -0.3693628036810287 0.21400281070058963
-0.18980336945698045 -0.045901486822281456 0.0718626665805908
0.06736450194696468 -0.19970403707206968 0.2432485528773675
0.39328231907329597 -0.39447153024387244 -0.18025313086507552
1.3117350225815156 0.15537216115185642 -0.21894669883902518
0.4498088642577973 -0.05519553465798255 0.509339845296305
-0.13192389441949143 -0.19238597292018292 -0.22740431626119664
-0.655483696774969 -0.030161641936830814 -0.0052655457792224695
-0.025711249837454226 -0.045403069199567235 0.2025892164809554
0.48938127757396993 -0.07385181114297266 0.2130068343667222
0.3813646314722667 0.1898665263630905 0.10456385631290613
0.15576182609710112 -0.355984944818085 -0.012676960851748546
0.1631557075742422 -0.05982862104072998 0.076925735641759
0.057872321795376984 -0.2967135866964993 -0.13613637527613986
0.47900440522233473 -0.17352313434068503 -0.06382994143641754
-0.0261632643377871 0.17648004507482393 -0.033979771971816536
0.5352180712440462 0.23288628017351598 -0.09506316455001762
-1.1481183895467288 0.21497789200261574 0.12005749797541665
0.2650217074748144 -0.11699245679058866 0.26710162663428805
-0.5815261549557506 0.016217341942354392 0.008623291184902598
0.07741994740149638 0.2353405282147103 -0.10233798720019371
-0.6097046734886783 0.008743067096543282 -0.13604993778541655
0.32145798027895683 0.006974039632878875 0.17922973857076185
0.3579761838734374 0.018339261832011754 -0.044552725170475836
0.024877819327254927 0.009413689350773366 -0.006773398750874894
-0.07021907847251843 0.2539843086930279 -0.12034571018093804
-0.7648887927350999 0.45796198595555526 0.055081825814574964
0.3084323680994156 -0.09827157675823696 -0.5283403115635397
0.16827593829831064 0.0705769294732638 -0.23979647614224878
-0.5239602736892356 0.30418919749348217 0.03156525077529584
0.3983892925228003 0.05813681106193991 0.20886716296514113
-0.21341864230722196 0.02267558446946291 -0.08804654317402465
0.020657662379350034 -0.13427570625349036 0.26602028673122735
-0.8305680471118688 0.023617746642126933 0.04000315438940486
-0.6180303843306661 -0.15420440070043662 0.42433295080379585
0.27205195770037205 -0.07861430298582907 -0.3872511836038453
-1.1689999483129117 -0.2635745207426661 0.2623313316228133
0.4856788480790854 0.28653600996915485 0.07703119040618044
-0.3688227813613368 0.018208097980140902 0.265271703976722
0.4467751934135992 -0.023517268518555744 -0.1532068552214282
0.17190232507695202 -0.008979127837830284 0.14430409681290993
-0.3905683617658979 0.13001184596453116 0.13854672707463042
-0.667323689581737 0.047189575502091935 0.14990453514689528
-0.5526596918578941 -0.20135672404487598 -0.1504826597465592
0.4611588242671331 -0.4086289528336966 -0.14927947672994357
-0.49650369309135817 -0.3589679446562792 0.042471785558293056
0.10546605446295962 -0.12397816116825869 0.14012175168345048
-0.3583904791030533 0.23379378617685995 0.058337719668330304
0.7249658408133606 0.24569600576550263 -0.27735825347383714
-1.0068477872477228 -0.15786067617297472 -0.1752256088269744
0.17271027239540718 -0.014339244157493033 0.3850534183306793
0.010079541780336427 0.18826473427242907 0.013308194653312982
0.48613425098855323 -0.04491003200609823 0.38657315180812146
-0.03148878844885715 -0.0002860005290320242 0.08654370315385936
-0.193783672228334 0.22160800538209627 -0.3938500686998175
-0.559654629684064 -0.08127092791838397 -0.026725234318093167
-0.09329699586926189 -0.26139091957413485 -0.22183134809453656
-0.27841363758742305 0.03729960837989959 0.08639860757296244
0.35485992633407193 0.40002192992295244 -0.06690782919487398
0.5635402540084907 -0.10499022739679405 -0.2477127783820739
-1.3661568860779738 0.15617551060900073 0.14036732464613064
-0.7990575576408715 0.18320454072301912 0.16492198902492788
-0.06213920722718571 -0.0672066153521186 -0.05128883722452226
-0.3497478171783128 0.23794217413303986 -0.411936425015292
0.054556970184717425 0.12259409130232875 0.0332046276384745
0.034757316058656965 0.07187324281724176 0.23893134635843494
-0.13387790922658876 -0.06749790968234763 -0.09686352564796837
-0.18813785089304244 0.22691292275539718 -0.10883657280606951
0.7941862207216236 0.02853446974543858 0.021012347555049965
0.489770294488922 0.26152122848504583 0.08052230237452639
0.021696804245304437 -0.21299333709796764 0.17146596507242384
0.39114307181855346 -0.2972307391725825 0.2868333367273858
-0.5034087652833252 -0.021262623334906854 -0.24109168517868898
0.10493144159179837 -0.19068567844045153 0.35678061542875805
0.10558819955691784 -0.08027439961459756 0.3663313350119522
-0.01067285662961262 0.19626221374581057 0.033563709123112
0.004611476221330742 -0.012890443764862126 -0.02740330741030895
-0.5819384044622531 -0.17279287264078103 0.3550168132380671
-0.4146494168461049 0.12823049784877857 -0.03142656414853411
0.10926323447343422 0.2641272913867834 -0.4266069152614879
-0.37235599052431756 -0.17977997859923944 0.14930293101217976
-0.24028562978685702 0.28079225095879 0.05372338180105445
0.717239625994721 0.08355366254713718 0.13963644619766566
0.17148249733229057 -0.02367008227024917 -0.2492216232893644
-0.6895821961810957 -0.2000871155646133 -0.17468688090388107
0.009836756819651496 -0.2619585446263399 -0.281130046815403
-0.49832136680785377 -0.10348092842339794 -0.17475734047103156
0.23040513460140402 0.03316483538635567 0.0907699286447823
0.015437434010467065 -0.07773212843821653 -0.03087972727456477
0.17808202663035255 -0.08846683434866812 0.041376515366603604
-0.14689679476835504 -0.060858366440843276 0.10859834934260129
-0.5066283989589443 0.17804351736525284 -0.23589416318496986
-0.34221000827904396 0.02487159896018569 0.0231410638181138
-0.3073062717060985 0.1929682057353223 -0.11822972204657844
-0.04352755931826138 -0.16807834600345228 0.005524139291046124
-0.35708270204500897 -0.47125400134573864 -0.033584007810172435
0.03944866322225744 -0.18207275596782468 -0.003826171829215002
-0.3583779498948465 0.04216837385995734 0.14706094851724522
0.8041374205287707 -0.2104417693290178 -0.3681921319333314
-0.17702381864969294 0.1757572450429823 0.05794130084755683
-0.057515746393373486 -0.12804760481252164 0.11042616311969192
-0.31688760776626856 0.23509612513951028 0.1551806967173275
0.6328152352303701 0.14392785809718647 -0.06708787567108514
0.32642948453007176 0.05562406296290601 -0.15350661124724696
0.39339758802178515 -0.10129863802950245 -0.1902406129113191
-1.3080992904694058 0.22634111619532607 0.1111936294580666
-0.2537729094878886 0.10542166976734953 0.18275339964964993
-0.4753151525973377 0.007474755209589907 -0.0979667041018297
-0.36948962154984405 0.028863026856978276 -0.10561204747738391
-0.8540983755153061 -0.02969069361720139 -0.3505262772361322
-0.3293009604989474 0.10567496275201951 -0.08263869288995909
-0.26182258128488534 0.07169373549389786 -0.0154075126967993
-1.2507003037738247 -0.22368150662117228 0.058410339028636286
0.2181536752041104 0.14445954425290763 -0.2887907404765268
-0.2136030865482174 0.32245237770827895 0.05980989228488248
1.4992991430172324 -0.26639503924415076 -0.3034468763246437
-0.7630797133288751 -0.1768605689742676 0.2595556505628011
-0.14599034215651288 0.09509390948541124 -0.1852472872333606
-0.7847882230231653 0.21064752614417195 0.29219970211324153
0.6210380260138892 -0.2325672595319194 0.19431486840265133
-0.7643863602665791 -0.06109390573522358 -0.24636572910688292
-0.4182259746923277 -0.2688312200055824 -0.06543723995942502
-0.4500628814467095 -0.29708083326106993 0.0163112352985023
0.44681563245174455 0.09229137990390515 -0.03457244859392152
0.44695186853803315 -0.036039856039551156 0.14758793621356953
0.43441118065281326 0.2644290589747575 -0.14136576921677463
-0.43194469073656067 -0.1343123492691893 0.2878643331673553
1.4847545611640771 -0.08861432793959625 -0.04249593941666731
0.40648798205180764 -0.34074189822952133 -0.018233869635871678
-0.007160355746200088 0.11303457943329778 0.09240540290148162
-0.180351280049565 0.03309186875244013 0.09337598931890362
0.17236219551925255 -0.3198439377398226 -0.13686476985960863
0.12010409055839437 -0.10502789993478218 -0.3115754699517337
0.5538890401984395 0.03959906572868122 -0.4567517123254525
-1.1132098236701338 -0.15107375040518037 0.12614347276464102
-0.3240082777275019 0.3443576205960382 -0.2846514689265093
-0.36448547855645935 -0.1574933731771498 -0.043976197183173055
0.1658266217408517 0.2766905455186745 -0.312770086195643
0.0412089803563371 -0.0301986243621735 -0.1997213711946919
-0.2182252759406774 -0.09231115605730555 0.2820415011165213
-0.5646191696052023 0.2585682188274009 -0.10149914548215443
-0.33167683497933453 -0.1713216385020584 -0.3317334228093562
0.6029774190319486 0.21580618172611096 -0.12105316595719169
-0.30403339222365966 0.016373138755922466 -0.19481021664058432
-0.11015124730725837 -0.04052569475158973 0.101299830589883
0.30100476083624267 0.4217856611475328 0.2875515738618408
-0.5348368166873113 -0.14696169972867718 -0.12744429370591917
-0.7186809391557244 -0.11567675122080175 -0.26651274070872943
0.584787865030575 -0.03875993870803694 0.3449068506587645
-0.4130990638337629 -0.06777535468210462 0.3224689414184851
0.3011847369897332 -0.21582744342289098 0.10598657473264123
-0.2692521846442776 0.12888179139354985 -0.08424078011495356
-0.12079940529914662 0.35773412601773147 -0.33924858342028436
0.6270149104237616 -0.2167315418205089 -0.46419837479734727
0.3398281084552621 -0.11258320023996987 -0.07186230985594898
0.452847774387346 0.20901843789565586 0.12840521356848442
0.24686836610558394 -0.12478913975406927 -0.2149006480901167
-0.772702033730411 -0.3185848839793382 0.4473984111304698
-0.5624430001800653 0.04674232143176369 -0.0038227821856954996
-0.46515598306783174 -0.24135283699567284 -0.20166595443109647
0.2842305655196362 0.056661321351129036 -0.030454394852519925
-0.6669303801671304 -0.0997683437673782 0.08423510071082314
0.358679117473735 -0.29735538201355677 0.12663144334476834
-0.20326387663097653 0.010837798810970129 0.21510092578723336
0.4600210207630006 0.20968744552427354 0.17009180790584089
-0.07133354778843776 0.11016758361493828 0.04420819881475839
0.6044373731071738 -0.06832856530081996 -0.1407642006885486
-0.7564406757909997 -0.12148930961061227 -0.018547218138567686
-0.21604516106660077 -0.05346437007108269 -0.1060504276171576
-0.7065013231197361 -0.3409840632403949 0.20379242439746756
0.26862326854878654 0.3022260310821853 0.07859309566592432
0.22218542919037093 -0.30218453078841234 0.08746655026581876
-0.36564567693655553 -0.31522634794994064 -0.18189873476027435
0.1920475236212832 -0.02397344143070146 0.45635944290791386
0.42633209499253083 0.10575790815993208 0.1460622815400193
-0.5699259845174341 0.1816303737181998 0.06808911750816071
0.5345020924489459 -0.1259499037109804 0.294842212179347
-0.40715818101953216 -0.11141795540759084 0.2065487179047331
0.5373429210971097 0.18974983018269387 0.131264634793899
0.027460140961220222 -0.21403756814691843 0.2325747786879759
-0.7845764992333256 0.17556676371332675 0.2395134612205798
-0.006183239525728318 0.041669926531188964 -0.15531802831830047
0.6049996064248282 0.14262722772807293 -0.014770624877113737
-0.11242102344999672 -0.04364189341183177 -0.026238481339626276
-0.05895425208665892 0.16448549100448362 0.254895793918972
-0.4043483972499316 -0.10785484651008148 0.08748146593300288
0.5520210593864735 0.18641093434671374 -0.0697283827140447
0.30943354020164127 0.26082045376234825 -0.20343586629145982
0.536752868772024 0.08067315641403915 -0.04465498556771344
0.42395231332755057 0.18149717290375814 0.0367158351495263
-0.5610896261595416 -0.16987530971878007 0.14933754865817497
-0.2976429475695542 -0.0791581375449775 -0.005147793814049249
-0.38163687017590736 -0.09752431977496467 -0.35425320892422074
0.19907631125839453 -0.025841051030193116 -0.28805048208764994
-0.02722141052255259 -0.11578974064448935 0.3628653906593293
0.7895859457018714 0.2343250528223414 0.4545115899655578
0.4169724601599435 -0.07218786830114092 0.044094614166959284
0.1284085800202783 -0.13069203110954436 -0.26681805267859154
-0.3363540691541608 -0.22048715437693686 0.21063795661695575
0.07120416375141213 0.3492589179373752 -0.09663161311079319
-0.623421663757264 0.07763454229291733 0.10640211953500976
0.3910801384133552 -0.011251498605094813 0.20196245779869396
0.7059009875939969 -0.3129568269569211 0.06919647745429988
0.3256605079981053 -0.08750762299358295 -0.06352978471471855
-0.13506805830240237 -0.08303735551776269 -0.16646207516974154
-0.28329551193230046 -0.2096964841819966 0.01611306018786258
-0.3630666827368863 -0.3548011395153648 -0.24813529591396877
0.5717567572982151 0.2288234504860506 -0.1075928407564188
0.02299396534541837 0.007997262987183265 -0.06336980513041589
-0.7268852842960364 -0.15254790187259337 -0.2894691341605236
-0.26894408440817985 -0.06086616708020395 -0.23200195907826904
0.11592755878182653 0.20856516995792945 -0.26577856496640156
0.43895532806757354 0.32951493680075034 0.07621804505147599
0.4436233388522045 0.3339813343200918 0.01554629336841195
0.48245843467957855 0.04488307788253996 0.26016391171723857
0.07379264617112836 -0.10572191937260765 -0.15852699345164334
0.6606635185328898 -0.07419634299472291 -0.2031208545507608
0.36635168027896786 0.21960862644079504 0.11423587463812963
0.3854463985689312 0.22601282766700367 0.19256452765921417
0.23489411862666537 0.21465121364354173 0.2884263789067461
0.45166255425168556 0.08747802514687045 0.04797840740638492
-0.49655875047431186 -0.014592117248940314 -0.049804761899443786
-0.17256479792105067 -0.09848583986202773 -0.3567915164223179
0.011764821423120008 0.0030296776938401305 0.12916734059394047
-0.6200002823692022 0.24785448532210716 0.2622277833039885
0.39917781035100924 0.10471397477923863 -0.09327098181103888
0.1963080088313763 0.29768424455161147 0.037710801862095494
0.04700567806190173 0.0340671248538338 -0.029693125002994647
-0.2422474785882921 0.0161867148300522 0.08301699368540923
-0.2036132635811546 -0.2890942095337032 -0.1665172107520999
0.003949527674470702 -0.16903748197454227 0.122659016186974
0.39377710813558064 -0.011314174003234501 -0.10915369479713888
0.44036193000228097 -0.5218806020039661 0.29656978070417567
-0.5703155908701968 0.06178584472387191 -0.13132629855974412
-0.27674926417234796 0.031776447213172486 -0.23448857840518703
-0.3790737281310002 -0.006452634926663404 -0.22494607890201831
-0.9771519136650029 -0.014127179529558664 0.2694151275272831
0.565443700069304 0.06183436319338775 0.16478716883749298
0.016426726724793162 0.20001698592584508 -0.33141933995713585
0.6109173919176425 -0.16441470211850662 -0.052795726096956444
0.6619958438490561 0.28152906665773164 -0.05776491602824152
-0.6775932663284098 0.04755731785683914 0.124810248225474
-0.2487908736786451 0.21417361477631305 0.09522562330466747
0.058718742188708255 0.0036581566256054946 0.045427413556369436
-0.38333627092126915 0.16358887193605165 -0.15734382169395253
-0.2704183370898595 0.13843134175311417 -0.19085753740726036
0.6178196995950177 -0.06914868350370564 -0.14312459605736025
-0.17375174704110005 0.05097954488632148 0.20447508811962176
-0.005077625402221982 -0.08688954001146429 0.22177563129734393
0.08425263606952171 -0.09602803562481046 0.09456885185846199
-1.137781029397462 -0.17777574993054146 0.11119999958965082
0.4563171696145307 0.271838735822131 0.2880773069496154
0.15799509827046204 -0.009908914584914583 -0.07735600330833808
0.5991388061773987 -0.17998721911575694 -0.06655868654286044
-0.6090809590492468 -0.058343237198165414 -0.004830556276610257
0.133968615039547 -0.15218753213490815 -0.014815136156306955
-0.22176968759945953 -0.18649739999552337 0.01900692823722225
0.275422799079591 -0.09246335813031055 0.15738108934664552
1.0379512039853667 0.230983616554476 -0.11755888905313622
-0.6299622127564838 0.0829181694062226 0.07244248860945576
-0.06259584347953474 0.5007369814750383 0.3388181806602495
0.37184002671948196 0.08052800175619956 -0.1271668800882454
-0.11398022215380059 0.030117594683501715 0.3860536926587113
0.2891252432030682 -0.13524157530865197 0.01314519691710418
1.2909635267146016 0.04718623426280472 0.2151962700835123
0.9536551063158961 0.08054184344105719 -0.048620077706140685
0.4895681477706059 0.28297573109395546 -0.038875481662465114
1.0350049900252798 -0.14696497215969573 -0.23379971495963814
-1.0067045205708631 0.18424890430189172 0.1670073020875733
-0.08737199970203789 -0.006873323749079676 0.261382423502346
0.6974988174337646 -0.2814463795511104 -0.3323606779121373
-0.1783286698322169 -0.10176984257930699 -0.16697594485134748
-0.018504691732453563 0.1344132671041864 0.04242972965103563
-0.5321482343626971 0.1842245817845467 0.5475889643709514
-1.1254360695083756 0.004844143882667155 0.22598028094731826
0.5215708935048966 0.04063980334523648 -0.11236500084800512
-0.5416141319906003 0.18369781579166602 0.21105583812453685
-0.3410173051406094 -0.22687305180394968 0.4024711968102872
-0.04655630210911357 -0.3652078827690674 -0.14106527324553078
-0.4368045213486374 0.2739027120039969 0.1769899440486265
-0.31231117174150286 0.00755582946714315 0.1453038506452721
0.4291253603047624 -0.03533291537663138 0.17137372422735275
0.5630871056152512 0.15820422760346575 -0.0019290570769154203
0.4450416683273612 0.2334565057678908 -0.1712048140178822
0.469158518956468 -0.2026828703226523 0.11955200241542421
0.5520897906483783 -0.027798957888203232 -0.08663607150130481
0.07609186888814658 -0.13353279719350247 -0.43140845212674156
-0.24011640000195916 0.16182968836197986 -0.09879309233443517
0.2127475839467512 -0.037546769073796345 -0.25178910613887656
-0.5707659049893756 -0.07951581001816083 0.06087724622798529
0.07267183937448915 0.05703711608110648 -0.4341783600361727
0.29134685887131834 -0.03570955189959686 -0.16997235396550342
0.32473619798142445 -0.23364823153498435 -0.017765672257653863
0.42615676761732707 -0.047845736514310656 0.05506681169225472
0.4191554277817852 -0.10586490823363813 -0.10528633982458742
0.23571649570543396 0.22559031576056535 0.04713910705688614
0.8378783487845614 -0.1933320980143491 0.04799420199533683
0.2024071814238766 0.10904182381932113 0.05566940436249264
0.1464071989978695 0.298917379361814 0.5661271853851237
0.24407372780547468 -0.3126286079407757 0.1897595092339069
0.5921266392348983 0.23035283133687484 0.02644134852461838
-0.305369561661597 0.33008888886454985 -0.47047566940242325
-0.46381399708371274 0.23798106840880184 -0.047357785788568
0.5662952330674804 0.02977856272684286 -0.11593787464981334
-0.5457024112767772 -0.28936056249174125 0.030770026619311264
-0.4861241938673098 -0.17994714628637365 0.16230195446341103
-0.43085659494528744 0.04497745171050599 0.16102164698134047
-0.4326681509685381 -0.18592927685110935 0.03546771555461861
0.4235354163977352 0.21435426861233955 0.05480986013739935
-0.03553536017715952 -0.286195482632701 -0.03967030529728437
-0.4293940329003346 -0.038396159187007534 -0.10107469551874587
-0.46162470606978573 0.2609230374475834 0.034337895822872416
0.0072275757926560024 -0.0178711917291901 -0.09960396640471587
-0.45266248676884313 0.08396986317344945 -0.16044130970654702
-0.6809166877844662 -0.12243413593252016 -0.09033961138487356
-0.5007557092560636 0.09284221270495463 0.38828934609597043
-0.05535059333754231 -0.08593382268084598 -0.08238125176612598
-0.6011793912715021 0.21481047195655473 0.3396743635411962
-0.3662612415222794 0.18705156976255954 -0.11708895443910819
-1.4235096273094514 0.3170314015127058 -0.39497249467254913
-0.6051601380071138 -0.03194609644585299 0.22724389762849953
1.015525620975223 0.14701636967756343 -0.15499842830947475
0.09995652400155196 -0.2572400781871469 0.010366299073135826
-1.172746618206538 -0.0433759959049797 0.02967922793344582
-0.240630411214622 0.005518602061161559 0.03549283658942719
-0.455855930089374 -0.10004436291103339 -0.0822322430129706
-0.1547145396998385 -0.14778999377869967 0.04659237534719354
-0.8519761414497387 -0.10728273057700727 -0.036775796157767715
-0.2538507822013662 0.07368624402426856 -0.06803464327514079
0.4430378562184934 -0.02693436641688562 0.3465669732658201
-0.5885907779790746 0.1540882900265328 0.016533099171640645
-0.04095997575705492 -0.004954266333886244 -0.15921147993619286
0.19475869029309448 -0.03300554460387777 0.3616833952167511
-0.6949406629063198 0.12920124871777336 0.14420996936728586
0.4331348670688108 -0.0013786518556821307 -0.18549236041302183
0.16467841312097606 0.17172025069677269 -0.3212914136176827
0.11936743929910569 -0.20758199595114682 0.32348029494981745
-0.08678159915995752 0.02539242550480397 0.5487067519862461
-0.4542199336598698 0.24463986036820318 0.28859252009708547
0.0869431436384229 0.09761810092262921 0.09017257987822562
0.12748790359473508 0.2521152469876617 0.3022438476668833
0.10788305425018511 -0.22127744714820743 -0.03797873531492268
-0.18459381684079118 0.3290222128346646 -0.27043496520526955
0.4020507442965694 0.22200039726401163 0.040922472538002505
0.07551154096790341 0.12143112520457343 -0.12268359228873826
0.06808146247186399 -0.4145672749927181 0.0763590092653357
0.5571495314292005 -0.5295788129274593 -0.03390317749360291
-0.07128614856037496 -0.0786193122315066 -0.154424563871077
-0.7187858880728484 -0.3563620469477574 0.036625850562654196
0.540256272037369 -0.23096779514988686 0.22680518370914282
-0.3930804220157082 0.11197471539148887 -0.13828626985004364
-0.03960474718563432 0.009143616468410795 -0.10511957785577451
0.26979279529288896 0.044850783267837875 0.14382669493034153
-0.2540088043259761 -0.3790291954189694 -0.48336472535262376
0.25549529482359656 0.1021671769032757 0.16605887913926465
0.35086744797828817 0.16763027176182274 0.027106704252680965
-0.5710588493999734 -0.34952957006790397 -0.36497481556985845
0.8812846067243989 -0.2174536405487817 -0.21966092814530908
0.2566874998798387 -0.1642805583900834 -0.23725663042795153
0.006604672120238809 0.3231624715327539 0.2846603116610971
-0.39590255680175046 0.12491384222609712 -0.11234971713206127
0.1834876840162948 0.34311948089082916 -0.034085267237902186
0.44370087565096383 -0.11017477629668455 0.17571824492872196
-0.7005756979851662 -0.32257663290810795 0.09233528943500247
-0.2144138169434856 -0.06015996532856047 -0.33664377597963724
0.13282532818720427 0.2238277967299164 0.17991331682081077
-0.2627024618492372 -0.12045825697192442 0.2083867017500537
0.26173225347215073 -0.010590110496995327 0.42967442796470756
-0.0545544993357727 0.05617768207428362 0.1025549214421643
-0.29615365084454226 0.3598270712439983 0.15852842033066608
-0.9722281834126304 -0.19524208099427318 0.03705423029033582
0.36968868566652213 -0.04584106741601652 0.08545937087956196
-0.03574765754555655 -0.0587220686409343 0.03725145403391571
-0.3687501534929053 -0.12364480681359286 0.17855777922021276
-0.07760020278038723 0.027940825797208104 -0.25318033401706613
0.02835290906944876 -0.17400637655675866 0.22879082075475088
-1.1977850504462442 -0.17438193022114043 0.1698317710592729
0.11584742147736711 -0.12501011908274542 0.20964823009513306
0.06205636214642244 -0.018626082510991907 -0.010515984367802543
-0.40475294205296763 -0.1853387181278263 -0.014194665902011001
0.17402802000821768 0.008280779388815858 0.41050712744419426
0.1379123363013746 -0.06556084252772416 -0.558215536240963
0.32895981807635816 -0.17848003301035822 0.18090750790624424
0.1521853478806509 0.048694452025965056 -0.38115001300104046
-0.16789436825421825 0.2930175041011313 -0.1849899680113627
-0.013933960283704656 -0.204251235230754 0.016968085598546602
-0.4206605984010996 -0.09648616384393113 -0.07217495470519686
0.25118966470302123 -0.23302917002916357 0.042694933148023556
-0.3522560195374979 -0.1067218774018136 0.011453044344048398
0.7048017550436686 0.2897490039317271 -0.1270284093573317
0.6584476165341332 0.23565938451873045 -0.29932395924017197
-0.03935377003372224 -0.04168687526378289 -0.08856278904113193
0.2354808470258386 0.014380984185031632 0.1296559131299084
-0.22656512173279766 0.06267350584660987 0.059374109538636956
-0.6594243338001061 -0.10398822682372472 0.0034504153559852405
-0.4413305039403918 -0.016030558462834982 -0.17224142579049082
-0.6735438587666522 -0.15075575556897983 0.24526734253877144
0.7964960965142384 0.02080796608557886 0.44791766703365843
0.09615691342708883 -0.008786763880367036 0.0950029663677016
-0.34025384432612005 -0.0810653192737123 0.13499448582597776
-0.6867185752843107 -0.010075478943269791 -0.2404793787991212
0.3188241393090822 0.26332201850215825 -0.07579102271612359
-0.25621107178096414 0.11421615605549207 -0.03887199027022542
-0.11642702268607115 -0.1839378514737528 -0.12960438009992278
0.1935328167841263 0.18771723799386295 -0.1392564594398789
-0.24624380548445063 0.3372346733375487 -0.39589115339674513
0.05889404167775629 0.06305544404937641 -0.0572130267091726
0.054755935910133335 -0.06551890174029813 -0.2042820014388391
-0.5402327604015047 0.5227654902341801 -0.22980436522718037
0.2444323648266267 -0.07654846128097974 -0.060488190988676395
-0.3181972120478736 0.28725295504984366 -0.01751507951423525
-0.5939574634491999 0.051514463752201235 0.21233528109107722
0.28044365466497295 0.06418782542063906 0.15147962020973108
-0.2693731107330017 0.3289167864687008 -0.1213463308868159
0.46914329027522167 0.12128700525387628 0.3314145089679738
0.7932291374804977 0.06243953025098684 0.04369190599672468
-0.35652137817370094 0.5288682589072472 -0.11030723038396778
-0.2775351382899357 0.33921644547619756 0.03351397783972707
-0.8071822463309989 0.32975119738538616 0.10420434846408747
-0.0728871036298078 0.11417412409338118 0.0752644124980647
-0.9750383659353205 -0.19406529258287913 -0.06304670361431879
-0.0954474922127161 -0.048449501618344215 -0.03219847426014981
-0.4198463373759372 -0.04920673805140018 -0.05384534564010815
1.1502906976295346 0.012657169666536737 -0.10571388690644215
-0.6880142054992625 0.005077403428061374 0.07064186897754966
-0.4548987347148555 0.03672778556062977 -0.47872963528609297
0.5098215491608644 0.05578903585066491 -0.12262646140387429
0.8592277910519888 0.2822871196416229 0.046377983136218305
-0.1686971294153729 0.24491678603717892 -0.019781866419304215
0.46001278850523947 0.3100191002765402 -0.17330047765967316
-0.26308412549447063 -0.13630095752856117 0.20965594231203755
0.48252585568957207 0.07274350804798416 -0.17898039439517588
-0.16327253281612844 -0.14075088740085984 0.3451768134378026
0.8970632224776788 -0.03299473376238509 -0.14356417881035266
0.08250067915075938 0.023859172668147754 -0.08924657955604878
0.7381516544116984 0.2358008305740072 -0.263649336139129
0.7953938408263455 0.26309396903586474 -0.21733720897283815
0.2182666530182686 -0.02902875987148201 0.11682918928118664
0.5771858326101571 -0.20669624578642046 -0.13825514610691114
0.1433338134077416 -0.12935670574351085 -0.26888087448865955
0.6987763439062823 -0.1177526914944824 -0.11388640660777448
-0.4838605808593982 -0.0707152352039266 0.19252288664462175
-1.0944405421095265 -0.2265914098876076 0.2751075290359441
-0.3876880267642465 -0.19250146250079747 -0.07176051527695247
-0.6445583294725022 0.21548524623241933 -0.20630678327539975
-0.5340723645801169 -0.05136840230205169 0.04520491239547346
-0.2625755401086551 0.187842701297336 0.3212012916928644
-0.8619713646403334 0.3611374008514194 -0.18543701224380627
0.5525351557631109 0.10141766913135775 -0.1283218764883772
7.314242252551926e-05 -0.12264507898421906 0.09046622203822074
-0.6648673377348516 -0.27982178729766105 -0.10585112255334156
-0.1348639006698679 -0.2720534678892949 0.20829010561643646
-0.023507892009312668 -0.6996817565194386 0.08658544193760899
0.4642789814226464 -0.05535996934751534 -0.20151373492910207
-0.10545871359497208 0.12053140000255885 0.05101083522344002
0.26245944715579417 -0.37997193185956774 -0.05916038014964589
-0.3166819132896862 -0.17756956815927197 -0.14582802231709768
-0.7903951882011521 0.22408574477387144 -0.208026069722068
0.0014204848914678464 0.23895960073680456 -0.08971159889256428
-0.10724801245247158 0.10634553450937445 -0.02751398072353934
-0.46088966969007983 -0.05386770787531582 -0.17711247643534245
-0.21443209825830703 -0.10685605644458505 0.07791495480537938
-0.2236663345947343 0.11159142980157935 0.001918204753693932
1.635485869369441 -0.4168896460491944 -0.24407533234467868
-0.12741297715821642 -0.3128362871458178 -0.3306385335660338
0.534305144013728 -0.02683213144116981 0.23189066416928955
-0.14095574199573913 -0.20806098662872344 -0.11630413010624677
0.5279459670772292 0.2533800547345062 -0.054082421261906224
0.8832591466326517 -0.05382669385495992 -0.2835031112817003
0.05605685874764207 0.20903786254272877 -0.10807805330572517
-0.18096047573150478 -0.006508443550578827 0.1366037983324733
0.18508966393517579 0.09316997318860921 -0.14801931669036444
0.27657416266952894 0.42205390448216074 -0.01022511949596716
0.05711600196499863 -0.21888246018505642 0.18308058293390278
1.0959507957219796 -0.0848449402070714 -0.1333340453789381
1.0278826470364963 -0.09718060651804677 -0.114499210481528
1.0890727378544534 0.005026201705005656 0.01252983516420366
1.1872583073348117 0.2451536132195502 0.16003622944837081
0.9543297332734644 -0.03580354147052045 -0.19687903401673557
1.0345643775568016 -0.004333255669678199 -0.06993138901232593
0.9280603556497226 0.15126734428225438 -0.15511200265059077
1.1482069318189938 0.12325040131499793 0.13036737577217203
0.9290442877849477 -0.05483592976930566 -0.10185629887000763
0.8542813510015345 0.3075352837751492 -0.1217823167101923
0.8758789361894387 0.017419436601777732 -0.11765847348279197
1.0789512653052025 0.003211457533300964 0.007274534125158695
1.094653011092976 -0.1281023934601618 0.028455990259063008
1.1104503763469349 0.1033699341208661 -0.004725287835841366
1.1568518066803615 -0.003937277038436747 0.12600362019581943
0.8678178740285105 0.03214564360674909 0.019232720416770488
0.9286304882994726 0.1273797423100305 0.14986271543041613
0.8792628844216386 0.2456860006763281 -0.14622873493490884
1.095388664626436 0.22992518409202242 -0.021641438565233956
1.074739062648442 0.03380639569520627 -0.024521098454692688
1.0720074035173592 0.17259713033730184 0.019563174556420246
1.0922113458738925 -0.008803146871314749 -0.005816337540778444
0.9280351403567515 -0.08484850235084129 0.001266432672177285
1.00595192355669 0.2888599032375529 0.13016085932652904
0.9741818525303031 0.0741842942556244 -0.16100178406631263
1.0398003133514961 -0.056796620529903634 0.12130441085993354
1.0399815090050544 -0.06298599274981605 -0.012244085579222424
0.8575213889529723 -0.012119567124889895 0.017025102084601135
1.0182228248615333 -0.030130890575122794 0.15900818565534167
0.9768196417083246 0.02369520858060287 -0.10506644010691168
1.0341117753718276 0.14609896768840788 0.05303051638250581
1.1826801632101305 0.19804287751703165 0.04362696482974717
0.7287136565734533 -0.05127498228726923 -0.053014849409735915
0.9189978385275376 0.01463847766871668 -0.055473382332891966
1.0666226595650696 0.05072575823704254 -0.03606610780272589
1.100594612967146 0.20941874392121473 -0.01880228573364362
0.8774031954649375 0.06121542981410451 -0.11299188310391915
1.270944937281315 0.015587643826102442 -0.03884315549647119
0.8355921914947734 -0.11443632510065607 0.016598965049934574
0.9467240990974347 -0.11378209615611126 0.06472021136517363
0.9666458032264456 -0.0713698141787563 -0.23299451686923547
0.934030466819573 -0.039831890352131756 -0.12675793479292677
1.1119069593419546 -0.21232045014586085 -0.10315928594596797
1.055012452869336 0.22721184293699942 -0.008475422536956415
1.0530987007439023 -0.15885999271443305 -0.18503447268768342
1.132154213193992 0.07174909536435357 -0.08685278424589188
1.0893458730891104 0.03068684710949042 0.035070905443276935
0.7947088469427857 0.05569860012714567 -0.3329906322780651
1.2964219915370196 -0.07991961503783584 -0.27258078845311645
0.9541086986033773 -0.05482142863605166 -0.055891949376609566
0.7440553403490291 -0.014007158228767398 0.08746808639331351
0.9291870236540526 -0.06272929692029632 -0.13004543726503637
1.0348941028223573 0.14556090561244833 0.0025763359413343533
0.9476154840039523 -0.14079516369249748 0.1341143781098995
0.7200399462496867 0.07905350314255144 0.0763350050760254
1.0686900334060456 -0.07253532329846953 0.07344885635077644
1.129355259172696 0.1549057267028426 -0.05407210672451368
0.9130042758600834 -0.15893510555818677 0.020570154140701555
0.8968724216275716 -0.046221126885966364 0.05985082393604377
1.0600992900943564 0.036067861856797875 -0.07591326760476046
1.0983422564793093 0.09795597004408929 0.08936916070903077
1.0186433376194894 0.04493099021084368 0.07886214055880526
0.8246799661464786 -0.08943114735161803 0.05117132310551518
1.0714777238883588 -0.03395233658100715 -0.05929711306308793
1.0087660774999498 -0.07889421437946029 0.027912286956669127
0.9526117112564955 -0.09545127707267433 -0.10396940061583078
0.9338420971656143 0.18677751445414545 0.06308028889534888
1.0345710990686425 -0.01099404558195129 -0.029196243039206204
0.9805354555458339 0.10736156165550803 -0.16612684967684274
0.9170717975146645 -0.15311362961170935 0.00722216908852849
1.0333590179813912 -0.06264149113946915 0.02361130521263916
0.9074871221760579 -0.030691097283529728 0.005800929968754361
1.0444082231903846 -0.2112754057785963 0.1564479404355018
0.8290133150999911 -0.036881482983363016 0.13893428008137784
1.0432200376639482 0.11348280755662776 -0.10606836537272878
0.8718103440107606 -0.14315344421270768 -0.25753761323311614
0.8166037503690375 0.05240554016731472 0.07619907382978967
1.0942572378201527 0.10680184612749932 -0.14733502872093898
0.9070928557883435 -0.08730970134126687 -0.04651313370740287
0.8444197980638903 0.08731466136622221 0.021413714127150003
1.0794427931062727 -0.02846264542045468 -0.08035578665284922
0.9502335355851586 -0.020479385061746135 -0.03502871638251472
0.9385840292018902 0.06509787024545859 -0.0012122628161453527
0.8807150373384395 -0.015274764948341886 0.1733523730136756
1.1471063788321572 -0.041803946836364785 0.031280723376307405
0.9009344423771702 -0.07225313323965545 -0.05905876727046311
1.0453422307071092 0.05981619066130925 0.08422617230744098
1.1074437630191276 -0.16913786855723317 0.19383246665805487
0.7947010633404306 -0.10432219158544903 0.21085940255505897
1.0349988061823558 0.04210404585276094 0.030504998541924296
0.9876187128051069 -0.12319584491299747 0.07514729600778441
1.0653761101884176 0.02037356436343177 -0.11679882142275061
0.8924180559451022 0.25317899136931027 -0.05255108396170691
0.8848884322505738 0.18928368559698724 0.06440501184782685
1.0914604292466037 0.23281915415129328 0.05934738252295324
0.9925676728830852 -0.08764804206053575 0.09966952258723882
1.0534518478085761 -0.05671242653321482 0.09967258353670821
1.0931048604559788 0.07339924794476432 0.06337156222061181
1.0072426473378433 0.024402719889124583 0.12914868273726604
1.0173889904489628 -0.06104087030022113 -0.16970855287001876
1.0584541174077788 0.07482293994495519 0.12172833176257858
1.0713034315178378 0.05606839585391413 -0.1166253446353615
1.166852343085515 0.23008121720627006 0.059800988878885235
0.7739896180753723 0.029560821777246327 -0.13784028570399462
1.168924761297355 -0.01696845174775308 0.21336989376633234
0.8169482925317173 0.11295431059322536 -0.0032815895727241156
1.0024992339544476 0.03242253883864054 0.1148441375707695
1.0354057129726026 -0.0919194942429784 -0.023086175268826538
0.930689681168337 0.037395657315719436 0.23316677459628976
0.8848058334063035 -0.011450078095233199 0.2740085702219443
0.8229999742238638 -0.1476828202727236 -0.042420459696075836
1.0043930482804437 -0.1085480971402046 0.02170273541715474
0.8954996967847206 -0.04902958326286146 -0.0005419854216621888
1.095030937115051 -0.08349953920318157 0.015180446606563173
0.8984790486722213 -0.022929429574063655 -0.027959533036239548
1.1027330949812941 0.037007186556267384 -0.12958847485490174
1.1824334010091977 0.025925922315626782 0.08956554421939857
0.8871193269481776 -0.04942425058259329 -0.14373785654194465
1.09521065267924 -0.15586375623251708 -0.04474853204042495
1.0473826118772607 0.00254074068470592 -0.07845979802613441
0.9248293192766628 0.017190873562177224 -0.08696674114889613
0.9595385331112654 0.05436717821042926 0.012135519391098422
1.101630914648153 0.20178323308309634 0.06890017456773595
0.9936118149510271 0.1511495485175287 -0.10290782085808803
1.0257848275221428 0.11220482410373751 0.06482715538012172
0.9284558977608378 -0.022371184709956457 0.042646088610850466
1.031266530808497 -0.015236937920229253 0.07710324484128188
1.1277649791179767 -0.12724100220099932 -0.043553792499300026
1.0198294054895933 0.02854771794519615 -0.013470359473227944
0.8961636710311898 -0.016654729326524464 -0.031666348364089894
0.9254830378912363 -0.003158146798910971 -0.07632466405400934
0.9529393681752671 0.08085397294392563 -0.032844612712850725
0.9196590096625086 -0.3096236470266487 -0.058863170069537674
1.1048468538438336 0.0973648748409322 -0.05523971437175632
1.1058332521229461 -0.0392679119129099 -0.2576646218375324
0.9515578403830715 -0.1118287371189744 0.08260540747777355
1.0521765730956318 -0.12440303836859692 0.03722422252898592
0.8984771427250529 0.11271109630379604 0.00585066869885131
0.9287881303246707 0.049522264776976896 -0.17274132798501723
0.9421654785133583 0.1417716850507624 -0.044605074144874766
0.9483049275290646 -5.646062167022405e-06 -0.1760971277608725
0.9965545705825218 0.021435750197818813 0.0971215356643315
0.8614221758011826 -0.1170835062800755 0.05835996838706911
0.9630687890670033 0.03565658894718476 -0.004570231854147241
0.8088941900040107 0.043494749179729 -0.09631341377445851
0.9620303577735214 0.10058557899758896 0.027681052679259383
0.8418487478189317 0.07345331125287487 -0.0466995440532411
0.9873671772407607 -0.030016263009592148 -0.05471965682762382
0.9708778255416528 -0.11097293833251952 0.19724449649871673
1.0393611869494255 0.13329833489213566 0.05565879602265237
1.0996672012829625 0.0007589677844617649 -0.08677757774169365
1.0394243683815516 -0.05454309704535857 0.17442592118895153
1.041006311207659 0.007875781893574773 0.05329601037652035
0.9579192908661338 -0.040246929646651955 0.05587901293564812
0.8981561313962886 -0.019759251560721777 0.10520109199106696
0.871571290742646 0.06568400781826564 0.0016176396606147033
1.0173140241414707 0.07913914112955023 -0.25611303674331926
0.9669953206867327 0.27145457881858887 0.08005650673123248
0.8857491853425687 -0.23157664859792623 0.010690568136439753
0.9793661981415086 0.00974303289914288 -0.10186386581296057
1.0270780024434505 0.05236538313574832 -0.06562214869739946
0.9884674992167737 -0.27503544217021053 -0.0901354918869728
1.0851504033956256 -0.1472763177686763 0.008439070023520309
0.768447914696579 -0.02742621642772701 -0.04889444946784943
1.0364080159563973 0.03909509474751663 0.002687119581292796
1.1181409720811337 0.06795409931529693 -0.07850778931965963
1.1428438555056373 -0.043446317556844215 -0.03809288793412032
0.9730664504959181 -0.06114361806175925 -0.17174636373665428
1.03134835546932 -0.14669952966203212 -0.1499659365815003
0.9145343123578626 -0.11150388612702818 0.2326017007543998
0.8413088330378954 -0.05780671668519634 -0.03569675864174602
0.9201822816923992 -0.16783428101322667 0.1474863920076229
1.0973152662073116 -0.09641152140341316 -0.13389451095905697
1.046642670161781 -0.07121478183054748 0.1574585921683039
0.9955489828761156 -0.03291312758447958 -0.027292902516467384
1.0954549787445718 0.11531719494233046 0.06043140882202663
0.9368683841124306 0.04985457850485867 0.0626954618844245
1.0185449138888798 -0.11673128149653376 0.10325671931622289
1.0162225372606584 -0.04117932536071268 0.026528210123098906
1.0130419119612704 0.11006476864179274 -0.07959127490494894
1.0309310980635096 0.02761621243804149 0.13910856645161143
1.1775053182804789 0.21077293075476364 0.08500816411893981
1.0273843392031097 0.0015369252030720043 0.07099024159975391
0.9503088030509598 0.0665629175822242 -0.007320818253637553
0.997790977914707 0.029101863505691623 0.03233617677355862
1.209851366659819 0.0795621989255635 -0.10716603701138812
1.0551204935338168 0.20502347145412753 0.20549758550619
0.9263305541893646 0.0723920421312908 -0.0022359521298313113
0.9119586604975256 0.24380366295022418 -0.031680453274858224
1.1178538967439753 -0.002476885433733416 -0.026540952836905038
1.0486435535605436 -0.04570419702979203 -0.040879349972036384
0.9704869313667829 0.02855672475014915 -0.07210235596289943
1.015140881008239 -0.2150022024177357 -0.018643577054154894
1.039328886993049 -0.04857419091693918 -0.23902759329425624
0.8364055126187129 0.05105112861512661 -0.10889376427464757
1.097643658584602 0.0977457980680091 -0.01509400345449876
1.0826144914557432 0.02661259004362971 0.019431041579929333
1.1153971958646713 -0.050840558215073064 0.05314911327323771
0.9894916719354114 -0.05444245386094984 -0.16617803286352403
1.1096221810379332 0.1379107391745807 -0.03190284404890228
-0.756435044551763 -0.0049765580465242895 0.04875613390099692
-0.8093155448460091 -0.02336014457682632 -0.03315149464796883
-0.9001473004365043 0.019166128165659487 0.0030859379909957785
-0.8983349795259885 0.0272072230181198 0.03389992425320058
-0.7044806243879802 0.004035789254582545 0.02410430168321557
-0.8597136229582032 -0.022951891649890362 0.043226284020576634
-0.6884483366495016 0.03637856606621852 -0.06101533237037197
-0.7358536373936824 0.008989958173179272 -0.036483357197614856
-0.7353493978670975 0.02873879375299551 0.04414654397390363
-0.6387175731963205 -0.059101040699104726 0.07163408151002001
-0.7565178958018608 0.007792956049972316 0.05176596333404798
-0.8785152907162846 0.045854686123222244 -0.01349370892624449
-0.7453461965137014 0.07127356427745364 -0.015556041182261997
-0.6532614207723472 0.025081042487931637 0.013540041230233314
-0.7900103682667498 0.007276495306024241 -0.017843123855588748
-0.859457628156731 -0.10727558810700642 0.04708325563277149
-0.8991574826816147 -0.008770009037287035 0.007543129352639494
-0.6651385509576584 0.08870314895686003 0.0029636207825867265
-0.802713359223248 0.05629858499946312 -0.02064028868467825
-0.7954132273218091 0.025189739865955036 -0.030371322621528835
-0.7971309026123624 0.04340262260561612 -0.026789020845022556
-0.6984390443944355 -0.041162577758478605 0.020371044942961474
-0.8240695721230934 0.08840299818491666 0.024943977546466725
-0.7825756289001186 0.06792072169308226 0.034958080039965464
-0.8902210443116197 0.0604610806231093 0.04240252467030402
-0.9524272487035883 -0.016435258482601748 -0.015258174183535908
-0.6222761634529228 0.05602574937864048 0.014288267032466634
-0.6558888363472518 -0.08248750925491219 -0.06878585509622585
-0.7980971204075862 0.029287774251923318 0.03299570092161632
-0.9031078411154804 -0.07589342869750737 0.038435378375436785
-0.7158067502396783 0.11626875789909258 -0.006642920553112078
-0.7595693682700386 -0.018272256002688916 -0.0022978146224124038
-0.7303818490898553 0.04332908942200411 -0.013821994794760852
-0.7481329193816394 0.05297714026035504 0.03640225754963537
-0.7671749878320399 -0.04195181716273913 0.054237115964261
-0.8615717047891246 -0.07136406492270485 -0.046487130614837474
-0.6445382803108887 -0.03051822084863043 -0.048327544275593964
-0.7875258961894649 -0.028905013048073597 0.10603731163905517
-0.7380203531339108 -0.03299552234319165 0.036881121060509184
-0.6816466106584991 0.032361505803710326 0.02378134878701617
-0.8557567861140786 -0.028800795037619193 0.058126730972923535
-0.7566337078002078 -0.0043201325334737625 -0.06143011365972189
-0.785916317486155 -0.016590752787651156 0.05807327651593139
-0.6996554208964985 -0.04357318008653627 -0.005791077189494341
-0.7846437263463043 0.03078799749580224 -0.06444109372147432
-0.9857817178849437 0.07315629030004157 -0.011264297249226738
-0.7941563030859609 0.0452553038535152 -0.0839058863504096
-0.6508564062026215 0.10213472018852468 0.013900410694585742
-0.6818205058147113 -0.05148223267612154 0.07709712274869304
-0.8353485373658999 0.010826858617736211 0.0011842126216842265
-0.7789510019374742 0.006970859867956306 -0.08972023571323703
-0.8243365801966298 0.06966091638612958 0.09424934357563912
-0.7645325281263867 0.10674290596823839 0.05292218985737704
-0.9188038908541816 0.07134862317204739 0.06205312870631063
-0.8999702910150682 0.01872102887455551 0.009491374538515254
-0.8335305029630566 -0.04286523407364944 0.05387638648420874
-0.7467555947448812 -0.02638255313490588 0.004834735698274931
-0.8181542289145212 0.021933584818190077 0.04341403867263066
-0.8844366518925445 0.05035009516235897 0.07832650933771314
-0.7775597337587672 0.07797657142187522 -0.017368423356506797
-0.6630273479609288 0.046047972260390375 -0.11492757907699414
-0.7849788114173278 -0.004293343196402891 0.028108905649004125
-0.697809580506177 0.027156230281640083 -0.05701916841502069
-0.8436973203141439 -0.007614977350909175 0.017366420361856188
-0.86424527039616 -0.027340099656377095 0.06363750654961975
-0.834863077489804 0.07645753777601111 0.011025805846622076
-0.5365258386015019 0.01703411741703191 0.008475222387870785
-0.8084031557406675 -0.08983261228227153 -0.03198540737959414
-0.772586621604614 0.049093535672136646 0.04347628471141976
-0.922370249789334 0.05255204974759441 -0.09501447473558404
-0.7856322870150093 0.052829368359130074 -0.013383007607566035
-0.8519360659855716 -0.007942990567774817 -0.013914085948184208
-0.8967554841768213 -0.030780917250973785 0.024387439919533096
-0.792223380938286 0.015321428038421459 -0.07481661391247967
-1.0551994254719892 -0.08566532560898495 -0.039354601475376685
-0.9058852516092322 0.0235463401308747 0.018559741851803615
-0.889101053406805 0.001994896914065284 -0.04526462883772578
-0.9386508972700556 -0.01549890524450397 0.03159309219675062
-0.9393646997260655 0.025117461508851392 0.025415829911446104
-0.6659091796552814 -0.016457608965505275 -0.013536701134881155
-0.9736854612612559 0.07248537807328156 -0.05873072459451245
-0.9537576028999655 -0.04675432526877929 -0.057605373985659195
-0.691517445831934 -0.03760738920974106 -0.0695821671766782
-0.7557636160243157 -0.020306467673551643 -0.013194925936925962
-0.8996562871188393 0.0059669601723413915 0.00462733454807222
-0.6481664769233697 -0.048322211117859455 -0.033896358313548494
-0.7128596207388374 -0.03248719112915895 -0.008547607861959251
-0.7327632656286194 0.05079905309698518 0.012657232613661782
-0.6939127862154028 0.07098060190758997 -0.04918267456616692
-0.8280728221855299 -0.10904314294286035 0.08620524707037172
-0.8013018449798013 0.0671622265774671 0.037852510698737823
-0.7720762095754246 -0.10419147259124076 -0.028663908722114374
-0.8881125180175814 -0.021600277900744758 -0.005957945688022068
-0.7716749845918581 0.05421995724565466 0.03406356444795757
-0.73236816562668 -0.0950990931831354 0.016610401213806022
-0.8109444704640173 0.03400030442737133 -0.0017658470395766363
-0.771039144758278 0.011829055555607282 -0.09100193117735303
-0.7403083486569723 0.045057157048107636 -0.018208897212332518
-0.7245181786924773 0.035642269510093944 -0.052807833362857076
-0.6675504693064765 0.035549295495190376 0.03569245908512258